# | Xlow(1) | Xhigh(2) | KEW(3) |
5.600000e+01 6.400000e+01 9.996457e-01 
6.400000e+01 7.400000e+01 9.995810e-01 
7.400000e+01 8.400000e+01 9.993416e-01 
8.400000e+01 9.700000e+01 9.991379e-01 
9.700000e+01 1.140000e+02 9.990705e-01 
1.140000e+02 1.330000e+02 9.986880e-01 
1.330000e+02 1.530000e+02 9.983499e-01 
1.530000e+02 1.740000e+02 9.979335e-01 
1.740000e+02 1.960000e+02 9.974139e-01 
1.960000e+02 2.200000e+02 9.970180e-01 
2.200000e+02 2.450000e+02 9.963489e-01 
2.450000e+02 2.720000e+02 9.958294e-01 
2.720000e+02 3.000000e+02 9.952067e-01 
3.000000e+02 3.300000e+02 9.945260e-01 
3.300000e+02 3.620000e+02 9.936607e-01 
3.620000e+02 3.950000e+02 9.931869e-01 
3.950000e+02 4.300000e+02 9.924978e-01 
4.300000e+02 4.680000e+02 9.918313e-01 
4.680000e+02 5.070000e+02 9.914107e-01 
5.070000e+02 5.480000e+02 9.905951e-01 
5.480000e+02 5.920000e+02 9.905626e-01 
5.920000e+02 6.380000e+02 9.901926e-01 
6.380000e+02 6.860000e+02 9.899999e-01 
6.860000e+02 7.370000e+02 9.898758e-01 
7.370000e+02 7.900000e+02 9.901295e-01 
7.900000e+02 8.460000e+02 9.904646e-01 
8.460000e+02 9.050000e+02 9.915226e-01 
9.050000e+02 9.670000e+02 9.922361e-01 
9.670000e+02 1.032000e+03 9.940671e-01 
1.032000e+03 1.101000e+03 9.943812e-01 
1.101000e+03 1.172000e+03 9.969480e-01 
1.172000e+03 1.248000e+03 9.992088e-01 
1.248000e+03 1.327000e+03 1.002308e+00 
1.327000e+03 1.410000e+03 1.004448e+00 
1.410000e+03 1.497000e+03 1.009062e+00 
1.497000e+03 1.588000e+03 1.012657e+00 
1.588000e+03 1.684000e+03 1.018648e+00 
1.684000e+03 1.784000e+03 1.022051e+00 
1.784000e+03 1.890000e+03 1.028081e+00 
1.890000e+03 2.000000e+03 1.034242e+00 
2.000000e+03 2.116000e+03 1.041689e+00 
2.116000e+03 2.238000e+03 1.049949e+00 
2.238000e+03 2.366000e+03 1.057089e+00 
2.366000e+03 2.500000e+03 1.064555e+00 
2.500000e+03 2.640000e+03 1.074749e+00 
2.640000e+03 2.787000e+03 1.080448e+00 
2.787000e+03 2.941000e+03 1.095936e+00 
2.941000e+03 3.103000e+03 1.103227e+00 
3.103000e+03 3.273000e+03 1.113689e+00 
3.273000e+03 3.450000e+03 1.133216e+00 
3.450000e+03 3.637000e+03 1.129498e+00 
3.637000e+03 3.832000e+03 1.148974e+00 
3.832000e+03 4.037000e+03 1.159586e+00 
4.037000e+03 4.252000e+03 1.166768e+00 
4.252000e+03 4.477000e+03 1.177425e+00 
4.477000e+03 4.713000e+03 1.181675e+00 
4.713000e+03 4.961000e+03 1.202032e+00 
4.961000e+03 5.220000e+03 1.232188e+00 
5.220000e+03 5.492000e+03 1.242619e+00 
5.492000e+03 5.777000e+03 1.262992e+00 
5.777000e+03 6.076000e+03 1.316810e+00 
6.076000e+03 6.389000e+03 1.365751e+00 
6.389000e+03 6.717000e+03 1.542395e+00 
