# | Xlow(1) | Xhigh(2) | KEW(3) |
5.600000e+01 6.400000e+01 9.998362e-01 
6.400000e+01 7.400000e+01 9.995806e-01 
7.400000e+01 8.400000e+01 9.997388e-01 
8.400000e+01 9.700000e+01 9.994716e-01 
9.700000e+01 1.140000e+02 9.989842e-01 
1.140000e+02 1.330000e+02 9.987130e-01 
1.330000e+02 1.530000e+02 9.981642e-01 
1.530000e+02 1.740000e+02 9.975899e-01 
1.740000e+02 1.960000e+02 9.962742e-01 
1.960000e+02 2.200000e+02 9.964058e-01 
2.200000e+02 2.450000e+02 9.957103e-01 
2.450000e+02 2.720000e+02 9.934802e-01 
2.720000e+02 3.000000e+02 9.936956e-01 
3.000000e+02 3.300000e+02 9.923758e-01 
3.300000e+02 3.620000e+02 9.902748e-01 
3.620000e+02 3.950000e+02 9.891110e-01 
3.950000e+02 4.300000e+02 9.880210e-01 
4.300000e+02 4.680000e+02 9.873878e-01 
4.680000e+02 5.070000e+02 9.860384e-01 
5.070000e+02 5.480000e+02 9.842532e-01 
5.480000e+02 5.920000e+02 9.824851e-01 
5.920000e+02 6.380000e+02 9.803418e-01 
6.380000e+02 6.860000e+02 9.793781e-01 
6.860000e+02 7.370000e+02 9.773212e-01 
7.370000e+02 7.900000e+02 9.763536e-01 
7.900000e+02 8.460000e+02 9.743251e-01 
8.460000e+02 9.050000e+02 9.728045e-01 
9.050000e+02 9.670000e+02 9.706905e-01 
9.670000e+02 1.032000e+03 9.684623e-01 
1.032000e+03 1.101000e+03 9.659550e-01 
1.101000e+03 1.172000e+03 9.646204e-01 
1.172000e+03 1.248000e+03 9.610075e-01 
1.248000e+03 1.327000e+03 9.591441e-01 
1.327000e+03 1.410000e+03 9.566073e-01 
1.410000e+03 1.497000e+03 9.510368e-01 
1.497000e+03 1.588000e+03 9.650418e-01 
1.588000e+03 1.684000e+03 9.553923e-01 
