# | Xlow(1) | Xhigh(2) | KEW(3) |
5.600000e+01 6.400000e+01 9.997740e-01 
6.400000e+01 7.400000e+01 9.997496e-01 
7.400000e+01 8.400000e+01 9.992947e-01 
8.400000e+01 9.700000e+01 9.992569e-01 
9.700000e+01 1.140000e+02 9.992519e-01 
1.140000e+02 1.330000e+02 9.979731e-01 
1.330000e+02 1.530000e+02 9.980542e-01 
1.530000e+02 1.740000e+02 9.975589e-01 
1.740000e+02 1.960000e+02 9.973098e-01 
1.960000e+02 2.200000e+02 9.960419e-01 
2.200000e+02 2.450000e+02 9.962628e-01 
2.450000e+02 2.720000e+02 9.954138e-01 
2.720000e+02 3.000000e+02 9.940328e-01 
3.000000e+02 3.300000e+02 9.929227e-01 
3.300000e+02 3.620000e+02 9.923271e-01 
3.620000e+02 3.950000e+02 9.907520e-01 
3.950000e+02 4.300000e+02 9.908725e-01 
4.300000e+02 4.680000e+02 9.884526e-01 
4.680000e+02 5.070000e+02 9.876660e-01 
5.070000e+02 5.480000e+02 9.869261e-01 
5.480000e+02 5.920000e+02 9.856538e-01 
5.920000e+02 6.380000e+02 9.842769e-01 
6.380000e+02 6.860000e+02 9.829122e-01 
6.860000e+02 7.370000e+02 9.816172e-01 
7.370000e+02 7.900000e+02 9.803741e-01 
7.900000e+02 8.460000e+02 9.792316e-01 
8.460000e+02 9.050000e+02 9.778278e-01 
9.050000e+02 9.670000e+02 9.764337e-01 
9.670000e+02 1.032000e+03 9.747875e-01 
1.032000e+03 1.101000e+03 9.737152e-01 
1.101000e+03 1.172000e+03 9.725316e-01 
1.172000e+03 1.248000e+03 9.714107e-01 
1.248000e+03 1.327000e+03 9.696272e-01 
1.327000e+03 1.410000e+03 9.686327e-01 
1.410000e+03 1.497000e+03 9.668173e-01 
1.497000e+03 1.588000e+03 9.653438e-01 
1.588000e+03 1.684000e+03 9.641742e-01 
1.684000e+03 1.784000e+03 9.618534e-01 
1.784000e+03 1.890000e+03 9.581380e-01 
1.890000e+03 2.000000e+03 9.514872e-01 
2.000000e+03 2.116000e+03 9.563067e-01 
2.116000e+03 2.238000e+03 9.527097e-01 
2.238000e+03 2.366000e+03 9.547845e-01 
2.366000e+03 2.500000e+03 9.296012e-01 
2.500000e+03 2.640000e+03 9.333821e-01 
2.640000e+03 2.787000e+03 9.970606e-01 
