# | Xlow(1) | Xhigh(2) | KEW(3) |
5.600000e+01 6.400000e+01 9.996407e-01 
6.400000e+01 7.400000e+01 9.995985e-01 
7.400000e+01 8.400000e+01 9.993636e-01 
8.400000e+01 9.700000e+01 9.992412e-01 
9.700000e+01 1.140000e+02 9.990722e-01 
1.140000e+02 1.330000e+02 9.987018e-01 
1.330000e+02 1.530000e+02 9.983726e-01 
1.530000e+02 1.740000e+02 9.979528e-01 
1.740000e+02 1.960000e+02 9.975275e-01 
1.960000e+02 2.200000e+02 9.970808e-01 
2.200000e+02 2.450000e+02 9.963524e-01 
2.450000e+02 2.720000e+02 9.959266e-01 
2.720000e+02 3.000000e+02 9.952121e-01 
3.000000e+02 3.300000e+02 9.946986e-01 
3.300000e+02 3.620000e+02 9.939610e-01 
3.620000e+02 3.950000e+02 9.932854e-01 
3.950000e+02 4.300000e+02 9.927000e-01 
4.300000e+02 4.680000e+02 9.921199e-01 
4.680000e+02 5.070000e+02 9.915602e-01 
5.070000e+02 5.480000e+02 9.912511e-01 
5.480000e+02 5.920000e+02 9.907178e-01 
5.920000e+02 6.380000e+02 9.907090e-01 
6.380000e+02 6.860000e+02 9.905922e-01 
6.860000e+02 7.370000e+02 9.906827e-01 
7.370000e+02 7.900000e+02 9.908634e-01 
7.900000e+02 8.460000e+02 9.914183e-01 
8.460000e+02 9.050000e+02 9.925028e-01 
9.050000e+02 9.670000e+02 9.932648e-01 
9.670000e+02 1.032000e+03 9.950304e-01 
1.032000e+03 1.101000e+03 9.966580e-01 
1.101000e+03 1.172000e+03 9.988981e-01 
1.172000e+03 1.248000e+03 1.001821e+00 
1.248000e+03 1.327000e+03 1.004373e+00 
1.327000e+03 1.410000e+03 1.008018e+00 
1.410000e+03 1.497000e+03 1.012334e+00 
1.497000e+03 1.588000e+03 1.016432e+00 
1.588000e+03 1.684000e+03 1.023009e+00 
1.684000e+03 1.784000e+03 1.027227e+00 
1.784000e+03 1.890000e+03 1.033486e+00 
1.890000e+03 2.000000e+03 1.040162e+00 
2.000000e+03 2.116000e+03 1.048460e+00 
2.116000e+03 2.238000e+03 1.056568e+00 
2.238000e+03 2.366000e+03 1.065439e+00 
2.366000e+03 2.500000e+03 1.073086e+00 
2.500000e+03 2.640000e+03 1.085293e+00 
2.640000e+03 2.787000e+03 1.091218e+00 
2.787000e+03 2.941000e+03 1.106673e+00 
2.941000e+03 3.103000e+03 1.113756e+00 
3.103000e+03 3.273000e+03 1.128625e+00 
3.273000e+03 3.450000e+03 1.145336e+00 
3.450000e+03 3.637000e+03 1.143439e+00 
3.637000e+03 3.832000e+03 1.166149e+00 
3.832000e+03 4.037000e+03 1.172496e+00 
4.037000e+03 4.252000e+03 1.190083e+00 
4.252000e+03 4.477000e+03 1.198166e+00 
4.477000e+03 4.713000e+03 1.207770e+00 
4.713000e+03 4.961000e+03 1.214917e+00 
4.961000e+03 5.220000e+03 1.260896e+00 
5.220000e+03 5.492000e+03 1.264010e+00 
5.492000e+03 5.777000e+03 1.294276e+00 
5.777000e+03 6.076000e+03 1.323134e+00 
6.076000e+03 6.389000e+03 1.398045e+00 
6.389000e+03 6.717000e+03 1.538514e+00 
