# | Xlow(1) | Xhigh(2) | KEW(3) |
5.600000e+01 6.400000e+01 9.997245e-01 
6.400000e+01 7.400000e+01 9.997300e-01 
7.400000e+01 8.400000e+01 1.000137e+00 
8.400000e+01 9.700000e+01 9.995672e-01 
9.700000e+01 1.140000e+02 9.988542e-01 
1.140000e+02 1.330000e+02 9.992369e-01 
1.330000e+02 1.530000e+02 9.976789e-01 
1.530000e+02 1.740000e+02 9.974372e-01 
1.740000e+02 1.960000e+02 9.967033e-01 
1.960000e+02 2.200000e+02 9.956004e-01 
2.200000e+02 2.450000e+02 9.932376e-01 
2.450000e+02 2.720000e+02 9.929548e-01 
2.720000e+02 3.000000e+02 9.920303e-01 
3.000000e+02 3.300000e+02 9.912182e-01 
3.300000e+02 3.620000e+02 9.902726e-01 
3.620000e+02 3.950000e+02 9.868224e-01 
3.950000e+02 4.300000e+02 9.871576e-01 
4.300000e+02 4.680000e+02 9.853363e-01 
4.680000e+02 5.070000e+02 9.840749e-01 
5.070000e+02 5.480000e+02 9.819867e-01 
5.480000e+02 5.920000e+02 9.801847e-01 
5.920000e+02 6.380000e+02 9.774356e-01 
6.380000e+02 6.860000e+02 9.774259e-01 
6.860000e+02 7.370000e+02 9.750833e-01 
7.370000e+02 7.900000e+02 9.719525e-01 
7.900000e+02 8.460000e+02 9.714652e-01 
8.460000e+02 9.050000e+02 9.717536e-01 
9.050000e+02 9.670000e+02 9.651434e-01 
9.670000e+02 1.032000e+03 9.606999e-01 
1.032000e+03 1.101000e+03 9.779115e-01 
