# | Xlow(1) | Xhigh(2) | KEW(3) |
5.600000e+01 6.400000e+01 9.996794e-01 
6.400000e+01 7.400000e+01 9.996378e-01 
7.400000e+01 8.400000e+01 9.995021e-01 
8.400000e+01 9.700000e+01 9.992369e-01 
9.700000e+01 1.140000e+02 9.988014e-01 
1.140000e+02 1.330000e+02 9.996479e-01 
1.330000e+02 1.530000e+02 9.973238e-01 
1.530000e+02 1.740000e+02 9.976930e-01 
1.740000e+02 1.960000e+02 9.966679e-01 
1.960000e+02 2.200000e+02 9.962411e-01 
2.200000e+02 2.450000e+02 9.927557e-01 
2.450000e+02 2.720000e+02 9.926510e-01 
2.720000e+02 3.000000e+02 9.921603e-01 
3.000000e+02 3.300000e+02 9.908083e-01 
3.300000e+02 3.620000e+02 9.899263e-01 
3.620000e+02 3.950000e+02 9.870079e-01 
3.950000e+02 4.300000e+02 9.868272e-01 
4.300000e+02 4.680000e+02 9.852387e-01 
4.680000e+02 5.070000e+02 9.838359e-01 
5.070000e+02 5.480000e+02 9.816630e-01 
5.480000e+02 5.920000e+02 9.799958e-01 
5.920000e+02 6.380000e+02 9.773127e-01 
6.380000e+02 6.860000e+02 9.773137e-01 
6.860000e+02 7.370000e+02 9.747491e-01 
7.370000e+02 7.900000e+02 9.715261e-01 
7.900000e+02 8.460000e+02 9.707062e-01 
8.460000e+02 9.050000e+02 9.709206e-01 
9.050000e+02 9.670000e+02 9.657769e-01 
9.670000e+02 1.032000e+03 9.593394e-01 
1.032000e+03 1.101000e+03 9.812730e-01 
