# | Xlow(1) | Xhigh(2) | KEW(3) |
5.600000e+01 6.400000e+01 9.996728e-01 
6.400000e+01 7.400000e+01 9.995921e-01 
7.400000e+01 8.400000e+01 9.993882e-01 
8.400000e+01 9.700000e+01 9.992776e-01 
9.700000e+01 1.140000e+02 9.990882e-01 
1.140000e+02 1.330000e+02 9.987775e-01 
1.330000e+02 1.530000e+02 9.983149e-01 
1.530000e+02 1.740000e+02 9.979596e-01 
1.740000e+02 1.960000e+02 9.975474e-01 
1.960000e+02 2.200000e+02 9.969547e-01 
2.200000e+02 2.450000e+02 9.965279e-01 
2.450000e+02 2.720000e+02 9.957247e-01 
2.720000e+02 3.000000e+02 9.951594e-01 
3.000000e+02 3.300000e+02 9.946104e-01 
3.300000e+02 3.620000e+02 9.938362e-01 
3.620000e+02 3.950000e+02 9.931442e-01 
3.950000e+02 4.300000e+02 9.922761e-01 
4.300000e+02 4.680000e+02 9.917525e-01 
4.680000e+02 5.070000e+02 9.911136e-01 
5.070000e+02 5.480000e+02 9.906788e-01 
5.480000e+02 5.920000e+02 9.901056e-01 
5.920000e+02 6.380000e+02 9.896602e-01 
6.380000e+02 6.860000e+02 9.892728e-01 
6.860000e+02 7.370000e+02 9.892506e-01 
7.370000e+02 7.900000e+02 9.888011e-01 
7.900000e+02 8.460000e+02 9.893922e-01 
8.460000e+02 9.050000e+02 9.894247e-01 
9.050000e+02 9.670000e+02 9.902335e-01 
9.670000e+02 1.032000e+03 9.901160e-01 
1.032000e+03 1.101000e+03 9.917514e-01 
1.101000e+03 1.172000e+03 9.928054e-01 
1.172000e+03 1.248000e+03 9.941887e-01 
1.248000e+03 1.327000e+03 9.951454e-01 
1.327000e+03 1.410000e+03 9.982390e-01 
1.410000e+03 1.497000e+03 9.999043e-01 
1.497000e+03 1.588000e+03 1.002269e+00 
1.588000e+03 1.684000e+03 1.004934e+00 
1.684000e+03 1.784000e+03 1.008139e+00 
1.784000e+03 1.890000e+03 1.011428e+00 
1.890000e+03 2.000000e+03 1.016197e+00 
2.000000e+03 2.116000e+03 1.017550e+00 
2.116000e+03 2.238000e+03 1.023950e+00 
2.238000e+03 2.366000e+03 1.027167e+00 
2.366000e+03 2.500000e+03 1.031477e+00 
2.500000e+03 2.640000e+03 1.037173e+00 
2.640000e+03 2.787000e+03 1.042782e+00 
2.787000e+03 2.941000e+03 1.043554e+00 
2.941000e+03 3.103000e+03 1.056750e+00 
3.103000e+03 3.273000e+03 1.055563e+00 
3.273000e+03 3.450000e+03 1.052780e+00 
3.450000e+03 3.637000e+03 1.061229e+00 
3.637000e+03 3.832000e+03 1.069090e+00 
3.832000e+03 4.037000e+03 1.083194e+00 
4.037000e+03 4.252000e+03 1.072754e+00 
4.252000e+03 4.477000e+03 1.081067e+00 
4.477000e+03 4.713000e+03 1.109045e+00 
4.713000e+03 4.961000e+03 1.072006e+00 
4.961000e+03 5.220000e+03 1.125882e+00 
5.220000e+03 5.492000e+03 1.077240e+00 
5.492000e+03 5.777000e+03 1.060482e+00 
