# | Xlow(1) | Xhigh(2) | KEW(3) |
5.600000e+01 6.400000e+01 9.995761e-01 
6.400000e+01 7.400000e+01 9.994269e-01 
7.400000e+01 8.400000e+01 9.994323e-01 
8.400000e+01 9.700000e+01 9.994733e-01 
9.700000e+01 1.140000e+02 9.992817e-01 
1.140000e+02 1.330000e+02 9.983313e-01 
1.330000e+02 1.530000e+02 9.977119e-01 
1.530000e+02 1.740000e+02 9.977451e-01 
1.740000e+02 1.960000e+02 9.969604e-01 
1.960000e+02 2.200000e+02 9.960713e-01 
2.200000e+02 2.450000e+02 9.961061e-01 
2.450000e+02 2.720000e+02 9.951208e-01 
2.720000e+02 3.000000e+02 9.940085e-01 
3.000000e+02 3.300000e+02 9.928208e-01 
3.300000e+02 3.620000e+02 9.921689e-01 
3.620000e+02 3.950000e+02 9.908582e-01 
3.950000e+02 4.300000e+02 9.906392e-01 
4.300000e+02 4.680000e+02 9.883064e-01 
4.680000e+02 5.070000e+02 9.872125e-01 
5.070000e+02 5.480000e+02 9.866205e-01 
5.480000e+02 5.920000e+02 9.853327e-01 
5.920000e+02 6.380000e+02 9.837890e-01 
6.380000e+02 6.860000e+02 9.825768e-01 
6.860000e+02 7.370000e+02 9.808865e-01 
7.370000e+02 7.900000e+02 9.798790e-01 
7.900000e+02 8.460000e+02 9.785326e-01 
8.460000e+02 9.050000e+02 9.769865e-01 
9.050000e+02 9.670000e+02 9.757703e-01 
9.670000e+02 1.032000e+03 9.740214e-01 
1.032000e+03 1.101000e+03 9.726862e-01 
1.101000e+03 1.172000e+03 9.715284e-01 
1.172000e+03 1.248000e+03 9.704208e-01 
1.248000e+03 1.327000e+03 9.680107e-01 
1.327000e+03 1.410000e+03 9.671821e-01 
1.410000e+03 1.497000e+03 9.657222e-01 
1.497000e+03 1.588000e+03 9.631292e-01 
1.588000e+03 1.684000e+03 9.622389e-01 
1.684000e+03 1.784000e+03 9.606983e-01 
1.784000e+03 1.890000e+03 9.561702e-01 
1.890000e+03 2.000000e+03 9.479774e-01 
2.000000e+03 2.116000e+03 9.525184e-01 
2.116000e+03 2.238000e+03 9.483604e-01 
2.238000e+03 2.366000e+03 9.536945e-01 
2.366000e+03 2.500000e+03 9.258156e-01 
2.500000e+03 2.640000e+03 9.332410e-01 
2.640000e+03 2.787000e+03 1.000871e+00 
