# | Xlow(1) | Xhigh(2) | KEW(3) |
5.600000e+01 6.400000e+01 9.995718e-01 
6.400000e+01 7.400000e+01 9.996528e-01 
7.400000e+01 8.400000e+01 9.992037e-01 
8.400000e+01 9.700000e+01 9.990638e-01 
9.700000e+01 1.140000e+02 9.977614e-01 
1.140000e+02 1.330000e+02 9.981230e-01 
1.330000e+02 1.530000e+02 9.976685e-01 
1.530000e+02 1.740000e+02 9.970095e-01 
1.740000e+02 1.960000e+02 9.962055e-01 
1.960000e+02 2.200000e+02 9.951027e-01 
2.200000e+02 2.450000e+02 9.937143e-01 
2.450000e+02 2.720000e+02 9.924714e-01 
2.720000e+02 3.000000e+02 9.907489e-01 
3.000000e+02 3.300000e+02 9.902117e-01 
3.300000e+02 3.620000e+02 9.870839e-01 
3.620000e+02 3.950000e+02 9.874561e-01 
3.950000e+02 4.300000e+02 9.870658e-01 
4.300000e+02 4.680000e+02 9.845757e-01 
4.680000e+02 5.070000e+02 9.848798e-01 
5.070000e+02 5.480000e+02 9.852941e-01 
