# | Xlow(1) | Xhigh(2) | KEW(3) |
5.600000e+01 6.400000e+01 9.996601e-01 
6.400000e+01 7.400000e+01 9.995510e-01 
7.400000e+01 8.400000e+01 9.993063e-01 
8.400000e+01 9.700000e+01 9.993179e-01 
9.700000e+01 1.140000e+02 9.990227e-01 
1.140000e+02 1.330000e+02 9.987030e-01 
1.330000e+02 1.530000e+02 9.983557e-01 
1.530000e+02 1.740000e+02 9.979543e-01 
1.740000e+02 1.960000e+02 9.975480e-01 
1.960000e+02 2.200000e+02 9.968018e-01 
2.200000e+02 2.450000e+02 9.964223e-01 
2.450000e+02 2.720000e+02 9.956445e-01 
2.720000e+02 3.000000e+02 9.951183e-01 
3.000000e+02 3.300000e+02 9.944871e-01 
3.300000e+02 3.620000e+02 9.935831e-01 
3.620000e+02 3.950000e+02 9.929191e-01 
3.950000e+02 4.300000e+02 9.921510e-01 
4.300000e+02 4.680000e+02 9.914977e-01 
4.680000e+02 5.070000e+02 9.908774e-01 
5.070000e+02 5.480000e+02 9.900723e-01 
5.480000e+02 5.920000e+02 9.899248e-01 
5.920000e+02 6.380000e+02 9.890958e-01 
6.380000e+02 6.860000e+02 9.887254e-01 
6.860000e+02 7.370000e+02 9.885191e-01 
7.370000e+02 7.900000e+02 9.882336e-01 
7.900000e+02 8.460000e+02 9.887112e-01 
8.460000e+02 9.050000e+02 9.880375e-01 
9.050000e+02 9.670000e+02 9.890401e-01 
9.670000e+02 1.032000e+03 9.891786e-01 
1.032000e+03 1.101000e+03 9.900652e-01 
1.101000e+03 1.172000e+03 9.907391e-01 
1.172000e+03 1.248000e+03 9.924422e-01 
1.248000e+03 1.327000e+03 9.932665e-01 
1.327000e+03 1.410000e+03 9.951000e-01 
1.410000e+03 1.497000e+03 9.973186e-01 
1.497000e+03 1.588000e+03 9.984563e-01 
1.588000e+03 1.684000e+03 1.001863e+00 
1.684000e+03 1.784000e+03 1.004096e+00 
1.784000e+03 1.890000e+03 1.006961e+00 
1.890000e+03 2.000000e+03 1.009869e+00 
2.000000e+03 2.116000e+03 1.013545e+00 
2.116000e+03 2.238000e+03 1.017748e+00 
2.238000e+03 2.366000e+03 1.021270e+00 
2.366000e+03 2.500000e+03 1.024933e+00 
2.500000e+03 2.640000e+03 1.028913e+00 
2.640000e+03 2.787000e+03 1.035336e+00 
2.787000e+03 2.941000e+03 1.033543e+00 
2.941000e+03 3.103000e+03 1.047708e+00 
3.103000e+03 3.273000e+03 1.047820e+00 
3.273000e+03 3.450000e+03 1.043389e+00 
3.450000e+03 3.637000e+03 1.049323e+00 
3.637000e+03 3.832000e+03 1.055348e+00 
3.832000e+03 4.037000e+03 1.065591e+00 
4.037000e+03 4.252000e+03 1.071154e+00 
4.252000e+03 4.477000e+03 1.085386e+00 
4.477000e+03 4.713000e+03 1.105890e+00 
4.713000e+03 4.961000e+03 1.062758e+00 
4.961000e+03 5.220000e+03 1.111204e+00 
5.220000e+03 5.492000e+03 1.069469e+00 
5.492000e+03 5.777000e+03 1.039394e+00 
