# | Xlow(1) | Xhigh(2) | KEW(3) |
5.600000e+01 6.400000e+01 9.998456e-01 
6.400000e+01 7.400000e+01 9.995704e-01 
7.400000e+01 8.400000e+01 9.994143e-01 
8.400000e+01 9.700000e+01 9.989819e-01 
9.700000e+01 1.140000e+02 9.991967e-01 
1.140000e+02 1.330000e+02 9.985141e-01 
1.330000e+02 1.530000e+02 9.980286e-01 
1.530000e+02 1.740000e+02 9.973121e-01 
1.740000e+02 1.960000e+02 9.965005e-01 
1.960000e+02 2.200000e+02 9.956771e-01 
2.200000e+02 2.450000e+02 9.956899e-01 
2.450000e+02 2.720000e+02 9.935413e-01 
2.720000e+02 3.000000e+02 9.938853e-01 
3.000000e+02 3.300000e+02 9.921635e-01 
3.300000e+02 3.620000e+02 9.897896e-01 
3.620000e+02 3.950000e+02 9.891515e-01 
3.950000e+02 4.300000e+02 9.879041e-01 
4.300000e+02 4.680000e+02 9.870593e-01 
4.680000e+02 5.070000e+02 9.857276e-01 
5.070000e+02 5.480000e+02 9.839094e-01 
5.480000e+02 5.920000e+02 9.820803e-01 
5.920000e+02 6.380000e+02 9.800852e-01 
6.380000e+02 6.860000e+02 9.790419e-01 
6.860000e+02 7.370000e+02 9.769499e-01 
7.370000e+02 7.900000e+02 9.758310e-01 
7.900000e+02 8.460000e+02 9.737562e-01 
8.460000e+02 9.050000e+02 9.722048e-01 
9.050000e+02 9.670000e+02 9.703127e-01 
9.670000e+02 1.032000e+03 9.678097e-01 
1.032000e+03 1.101000e+03 9.652682e-01 
1.101000e+03 1.172000e+03 9.638541e-01 
1.172000e+03 1.248000e+03 9.609205e-01 
1.248000e+03 1.327000e+03 9.587005e-01 
1.327000e+03 1.410000e+03 9.559588e-01 
1.410000e+03 1.497000e+03 9.500905e-01 
1.497000e+03 1.588000e+03 9.657643e-01 
1.588000e+03 1.684000e+03 9.522230e-01 
