# | Xlow(1) | Xhigh(2) | KEW(3) |
5.600000e+01 6.400000e+01 9.995746e-01 
6.400000e+01 7.400000e+01 9.994822e-01 
7.400000e+01 8.400000e+01 9.995606e-01 
8.400000e+01 9.700000e+01 9.992249e-01 
9.700000e+01 1.140000e+02 9.990170e-01 
1.140000e+02 1.330000e+02 9.986629e-01 
1.330000e+02 1.530000e+02 9.982428e-01 
1.530000e+02 1.740000e+02 9.980405e-01 
1.740000e+02 1.960000e+02 9.974187e-01 
1.960000e+02 2.200000e+02 9.968844e-01 
2.200000e+02 2.450000e+02 9.961943e-01 
2.450000e+02 2.720000e+02 9.955283e-01 
2.720000e+02 3.000000e+02 9.947651e-01 
3.000000e+02 3.300000e+02 9.940071e-01 
3.300000e+02 3.620000e+02 9.932870e-01 
3.620000e+02 3.950000e+02 9.924713e-01 
3.950000e+02 4.300000e+02 9.917531e-01 
4.300000e+02 4.680000e+02 9.909280e-01 
4.680000e+02 5.070000e+02 9.900582e-01 
5.070000e+02 5.480000e+02 9.889909e-01 
5.480000e+02 5.920000e+02 9.883472e-01 
5.920000e+02 6.380000e+02 9.873711e-01 
6.380000e+02 6.860000e+02 9.867383e-01 
6.860000e+02 7.370000e+02 9.859259e-01 
7.370000e+02 7.900000e+02 9.856476e-01 
7.900000e+02 8.460000e+02 9.842742e-01 
8.460000e+02 9.050000e+02 9.840833e-01 
9.050000e+02 9.670000e+02 9.836974e-01 
9.670000e+02 1.032000e+03 9.829580e-01 
1.032000e+03 1.101000e+03 9.827724e-01 
1.101000e+03 1.172000e+03 9.823763e-01 
1.172000e+03 1.248000e+03 9.826706e-01 
1.248000e+03 1.327000e+03 9.824978e-01 
1.327000e+03 1.410000e+03 9.823056e-01 
1.410000e+03 1.497000e+03 9.819466e-01 
1.497000e+03 1.588000e+03 9.830156e-01 
1.588000e+03 1.684000e+03 9.822476e-01 
1.684000e+03 1.784000e+03 9.831531e-01 
1.784000e+03 1.890000e+03 9.832519e-01 
1.890000e+03 2.000000e+03 9.818722e-01 
2.000000e+03 2.116000e+03 9.845981e-01 
2.116000e+03 2.238000e+03 9.848582e-01 
2.238000e+03 2.366000e+03 9.853399e-01 
2.366000e+03 2.500000e+03 9.839606e-01 
2.500000e+03 2.640000e+03 9.936964e-01 
2.640000e+03 2.787000e+03 9.769498e-01 
2.787000e+03 2.941000e+03 9.742775e-01 
2.941000e+03 3.103000e+03 9.765464e-01 
3.103000e+03 3.273000e+03 9.254552e-01 
3.273000e+03 3.450000e+03 9.439788e-01 
3.450000e+03 3.637000e+03 9.854227e-01 
3.637000e+03 3.832000e+03 9.830281e-01 
3.832000e+03 4.037000e+03 9.891691e-01 
4.037000e+03 4.252000e+03 1.005533e+00 
