# | Xlow(1) | Xhigh(2) | KEW(3) |
5.600000e+01 6.400000e+01 9.997198e-01 
6.400000e+01 7.400000e+01 9.995417e-01 
7.400000e+01 8.400000e+01 9.993880e-01 
8.400000e+01 9.700000e+01 9.994063e-01 
9.700000e+01 1.140000e+02 9.989829e-01 
1.140000e+02 1.330000e+02 9.986569e-01 
1.330000e+02 1.530000e+02 9.981008e-01 
1.530000e+02 1.740000e+02 9.980581e-01 
1.740000e+02 1.960000e+02 9.973446e-01 
1.960000e+02 2.200000e+02 9.968616e-01 
2.200000e+02 2.450000e+02 9.961709e-01 
2.450000e+02 2.720000e+02 9.953812e-01 
2.720000e+02 3.000000e+02 9.948133e-01 
3.000000e+02 3.300000e+02 9.939012e-01 
3.300000e+02 3.620000e+02 9.931705e-01 
3.620000e+02 3.950000e+02 9.921115e-01 
3.950000e+02 4.300000e+02 9.916942e-01 
4.300000e+02 4.680000e+02 9.905295e-01 
4.680000e+02 5.070000e+02 9.897779e-01 
5.070000e+02 5.480000e+02 9.888187e-01 
5.480000e+02 5.920000e+02 9.880651e-01 
5.920000e+02 6.380000e+02 9.868700e-01 
6.380000e+02 6.860000e+02 9.860286e-01 
6.860000e+02 7.370000e+02 9.856138e-01 
7.370000e+02 7.900000e+02 9.848065e-01 
7.900000e+02 8.460000e+02 9.835219e-01 
8.460000e+02 9.050000e+02 9.831937e-01 
9.050000e+02 9.670000e+02 9.824244e-01 
9.670000e+02 1.032000e+03 9.821023e-01 
1.032000e+03 1.101000e+03 9.812397e-01 
1.101000e+03 1.172000e+03 9.812023e-01 
1.172000e+03 1.248000e+03 9.805663e-01 
1.248000e+03 1.327000e+03 9.808179e-01 
1.327000e+03 1.410000e+03 9.807398e-01 
1.410000e+03 1.497000e+03 9.793932e-01 
1.497000e+03 1.588000e+03 9.799714e-01 
1.588000e+03 1.684000e+03 9.801726e-01 
1.684000e+03 1.784000e+03 9.795433e-01 
1.784000e+03 1.890000e+03 9.798860e-01 
1.890000e+03 2.000000e+03 9.788177e-01 
2.000000e+03 2.116000e+03 9.815902e-01 
2.116000e+03 2.238000e+03 9.811114e-01 
2.238000e+03 2.366000e+03 9.807969e-01 
2.366000e+03 2.500000e+03 9.781413e-01 
2.500000e+03 2.640000e+03 9.878002e-01 
2.640000e+03 2.787000e+03 9.755241e-01 
2.787000e+03 2.941000e+03 9.707239e-01 
2.941000e+03 3.103000e+03 9.731883e-01 
3.103000e+03 3.273000e+03 9.506066e-01 
3.273000e+03 3.450000e+03 9.444760e-01 
3.450000e+03 3.637000e+03 9.788751e-01 
3.637000e+03 3.832000e+03 1.001257e+00 
3.832000e+03 4.037000e+03 9.897678e-01 
4.037000e+03 4.252000e+03 1.006526e+00 
