# | Xlow(1) | Xhigh(2) | KEW(3) |
5.600000e+01 6.400000e+01 9.995458e-01 
6.400000e+01 7.400000e+01 9.996501e-01 
7.400000e+01 8.400000e+01 9.991195e-01 
8.400000e+01 9.700000e+01 9.990946e-01 
9.700000e+01 1.140000e+02 9.978792e-01 
1.140000e+02 1.330000e+02 9.980396e-01 
1.330000e+02 1.530000e+02 9.975397e-01 
1.530000e+02 1.740000e+02 9.969499e-01 
1.740000e+02 1.960000e+02 9.962947e-01 
1.960000e+02 2.200000e+02 9.949161e-01 
2.200000e+02 2.450000e+02 9.934429e-01 
2.450000e+02 2.720000e+02 9.922765e-01 
2.720000e+02 3.000000e+02 9.906486e-01 
3.000000e+02 3.300000e+02 9.901311e-01 
3.300000e+02 3.620000e+02 9.872612e-01 
3.620000e+02 3.950000e+02 9.869213e-01 
3.950000e+02 4.300000e+02 9.872450e-01 
4.300000e+02 4.680000e+02 9.838539e-01 
4.680000e+02 5.070000e+02 9.859624e-01 
5.070000e+02 5.480000e+02 9.905082e-01 
