 56.00 64.00
 64.00 74.00
 74.00 84.00
 84.00 97.00
 97.00 114.0
 114.0 133.0
 133.0 153.0
 153.0 174.0
 174.0 196.0
 196.0 220.0
 220.0 245.0
 245.0 272.0
 272.0 300.0
 300.0 330.0
 330.0 362.0
 362.0 395.0
 395.0 430.0
 430.0 468.0
 468.0 507.0
 507.0 548.0
 548.0 592.0
 592.0 638.0
 638.0 686.0
 686.0 737.0
 737.0 790.0
 790.0 846.0
 846.0 905.0
 905.0 967.0
 967.0 1032.
 1032. 1101.
 1101. 1172.
 1172. 1248.
 1248. 1327.
 1327. 1410.
 1410. 1497.
 1497. 1588.
 1588. 1684.
 1684. 1784.
 1784. 1890.
 1890. 2000.
 2000. 2116.
 2116. 2238.
 2238. 2366.
 2366. 2500.
 2500. 2640.
 2640. 2787.
 2787. 2941.
 2941. 3103.
 3103. 3273.
 3273. 3450.
 3450. 3637.
 3637. 3832.
